600052
600183
600276
600338
600387
600436
600486
600566
600570
600585
600668
600720
600763
600768
600779
600801
600809
600989
600995
601100
601225
601360
601888
603026
603043
603068
603208
603267
603288
603300
603327
603338
603360
603369
603379
603444
603505
603508
603517
603519
603568
603587
603589
603606
603609
603638
603658
603707
603755
603786
603833
603868
603882
603886
603899
603983
688001
688006
688008
688016
688018
688020
688029
688188
688388
688388
688388
000568
000596
000603
000629
000661
000672
000710
000789
000848
000895
000963
000999
002007
002032
002035
002043
002110
002127
002161
002190
002234
002242
002262
002299
002304
002372
002379
002415
002458
002463
002507
002508
002555
002597
002601
002624
002626
002677
002690
002746
002749
002755
002803
002810
002832
002833
002851
002867
002884
002901
002907
002925
002942
002950
002956
002959
002960
300014
300015
300080
300107
300132
300136
300236
300347
300357
300401
300417
300487
300497
300498
300529
300559
300595
300596
300602
300628
300630
300632
300682
300702
300725
300735
300760
300761
300770
300783
300787
300788
300789
